83.6096013188
47.0470828116
44.44620049
41.555909276
39.996082142
37.6401202977
37.1270882785
35.8448714614
34.0791612267
33.7111488134
33.8496825546
31.1616980582
33.1901163161
31.0787392408
33.3964710534
30.6588711143
30.7031610161
30.0669487715
28.8049644977
30.0402692109
28.3738201708
28.7331291735
28.49550879
26.5812669098
26.7465253994
27.2064735368
26.6502298862
26.5284477621
26.0325072855
26.2600904405
26.3316825181
28.4562517107
29.0266126692
29.9245398343
28.0283407271
28.5478021502
28.4045499116
26.8139480352
26.6884144992
27.2070430815
26.3106608689
25.8774549365
25.6525028348
26.1328883618
25.9027275741
26.0141710192
25.5578049123
24.6551153511
23.6595724225
23.8409159631
22.9457184076
25.1069234535
23.8711147308
23.1310024932
24.9334275872
23.9716219753
23.8585398272
23.5497374237
23.3262537345
24.0520287156
23.3475116119
23.6200594828
29.1815171689
26.4759484529
26.0507203266
25.7792357504
25.413502261
26.0496243089
25.8733775467
25.418128565
24.4781541526
23.8024154902
24.3509598151
24.5271966904
23.0763562098
23.7145954743
23.7209585756
22.9711366296
23.8841280416
22.7650004476
22.9844585955
22.2308283523
22.3427236974
23.0295883566
22.3739615902
22.833896175
21.1741247252
20.2761475295
20.6316031218
20.9669715688
20.3986343183
19.9739205316
21.6648871899
27.6354575753
26.1689663827
26.6890642494
25.1094592661
23.1452841833
23.0241503641
24.6507635936
23.3216038123
22.4605278149
23.2142762169
21.8094882816
22.3529702052
21.5907986164
21.1767437756
23.1193348095
22.1788509041
21.0367662758
21.1784878597
20.7133326381
21.4972337261
20.870136328
22.5818404034
21.2982829288
19.4105685651
20.6576785222
20.4073540792
20.4857584089
21.1211528778
19.9286008328
20.161415495
20.1952162981
24.9366161302
24.9401727766
23.9457578734
23.6971643567
22.893877767
21.7395773456
22.8309642226
21.1570287272
23.1098997742
21.9098932371
21.2380315959
21.074482888
20.9445932508
20.1037663221
21.4061433822
20.8615364656
20.2652326375
21.5201423243
18.5827007592
21.4802662507
19.4175628573
19.9929888733
19.6668598913
20.0885606483
20.192763932
19.2279688641
19.5066885203
20.8870582432
19.9222503901
19.4309239686
19.4144229293
24.4849800989
22.4690901488
20.4096124917
21.1938130185
22.16582831
20.4648708701
19.9233394787
20.0528752655
19.8677481338
21.1433567181
20.2641425133
20.1333476081
19.3907115534
19.8734189495
19.116083622
17.2473222278
18.5332192667
18.5530836023
19.940959543
18.8891631886
18.7140187994
18.9396830499
16.9142384976
18.9872221351
17.9302855544
17.6071483642
17.9132342264
18.534917064
17.3693289235
18.2580119744
17.0306384787
24.9755051732
22.2052936032
21.9384656996
21.2501864061
21.2313229293
20.4819722623
20.1610958651
19.2025940716
18.6041789502
19.2516366541
18.4598633721
18.9591745362
18.6869088188
20.0180446431
18.1668114737
18.5582172424
17.7927210405
18.4742988497
18.6077120379
18.0256383605
17.872058548
18.0128422007
18.1457662508
19.1573079079
17.6725496724
17.5835980773
18.0449921116
17.2789992504
18.2359176055
18.0818895102
17.5470957197
24.1794752926
21.9730895832
21.350624688
20.0869007036
20.2722740471
19.4452587366
19.2942032591
19.1439283863
19.7676242068
19.3649315126
18.4336517826
17.5571483672
17.828524787
16.9196036831
17.467234809
18.7099993154
18.1200413406
17.703534171
17.9507679939
17.9892737716
17.1758939326
17.7939925753
17.5563440509
16.3261367083
18.0196683705
16.4544447213
18.1003150493
17.2077401057
16.7846953087
18.3482438698
17.3477219865
22.8883166686
19.9505990222
19.2312741503
17.9201845974
17.7803633288
17.5646799579
17.9312633649
17.5379326418
18.3325899914
17.5940218009
18.1559938788
15.9127542451
17.0269140303
16.1804866791
15.938583333
16.2870989367
17.00217738
16.0859259889
16.7499210872
15.6400689706
16.5000984892
16.115141131
16.5311789438
16.2762932293
15.233338017
15.3819070458
15.6976653039
15.0716601163
15.6666024104
15.638833221
16.1071084589
21.2102098241
19.4834732786
19.5542301834
18.495377928
17.5994005464
17.7686714381
18.3229066953
16.6718069091
18.3268424645
17.2574407384
16.9616078138
17.344810985
16.2297247536
17.5154014379
16.4903680272
16.5592461452
16.193798732
16.211956501
16.2725012153
15.450358104
16.2752520181
15.5733024329
15.6966613065
16.3281162083
15.502027221
15.2189424783
15.3175697811
16.7101205215
15.4979232289
16.5898440927
16.5340602696
21.188761048
19.4773908481
17.7694889754
19.1156696305
18.0283466727
18.5668257922
16.2779211439
17.0700259991
16.5136276037
15.7927961349
17.5493206009
16.3594122007
17.5517537035
17.0626725852
15.753276974
16.4161637053
16.1025703214
15.0604030713
15.9922434129
15.6703152508
16.7448265627
15.8917273916
14.5525291078
15.5748730861
15.0372637901
15.9433760829
16.4730543867
16.5576171502
15.7977926061
14.861056909
15.4971671328
21.4063058496
18.1373879835
16.8108534329
16.0359784961
16.9268080518
15.0867870674
14.9041459039
15.7699882351
15.9199682698
14.7907545343
14.2901806906
15.7199581377
15.7483017221
13.8523175903
14.5065215565
13.8869172782
13.3239805177
14.9679620527
15.3306610733
14.6812639385
14.7171598226
13.8662653603
14.3512797952
13.9879841805
14.4413416758
14.3082975857
14.0042679757
14.111519672
14.0009382032
12.703948319
14.5904189758
21.3823404387
17.4265040904
16.7246367782
16.6573984623
15.9191860333
15.5583125427
14.8354482614
15.6453164928
15.7031883001
15.4417580627
14.8968251497
15.9036217332
15.1804549322
15.0314108916
15.3877362274
15.2152803838
14.4712303951
15.911532674
14.6145712584
14.9930081852
12.8969453163
14.2732023001
14.7606920712
15.1384053268
14.0192621443
13.9930143133
13.8215103522
14.9039690793
14.0387686118
14.0431893617
15.168954581
19.7999957576
17.4870010465
16.6009395272
16.0089198463
14.8615401834
15.8361980133
15.4182259813
15.4534863904
15.6065796055
14.5022002757
14.9049040005
14.8696640655
15.0441356339
14.8192941621
14.9150455594
14.3924808986
13.5021066032
14.5231265947
14.367693454
14.7299200222
13.3596628867
14.7311144359
14.1644202285
14.1177911982
15.008754462
14.3792807981
13.407196857
15.2213138342
14.2409515567
12.5581084602
13.0048095975
18.6958354115
15.4765072092
15.5200332254
14.1681691706
13.9536559451
15.0613023154
13.8327198103
14.2427537479
13.1013993062
13.573685579
14.8114481829
12.9082030952
13.1496131867
12.5354132503
12.6290636174
13.2790487111
13.2618476786
13.3037161045
13.6128441319
12.3958977349
12.6324378923
13.2563180178
12.4176472425
12.3791766986
12.7344677635
13.6048282925
13.256131839
12.1210295372
11.8253790438
12.6482431181
13.0737024881
19.3015852198
15.4933653697
15.117867982
15.0118836462
13.7595375888
14.694616165
13.9257760942
13.7302161567
12.92590091
14.1615115181
13.917019289
13.5227243081
13.5736731812
13.8650023453
12.6372334063
13.3662175164
12.9370428436
14.0373355448
12.9409845322
12.2923799977
12.7424817272
13.0309829339
13.0362703092
12.502109658
12.7609008886
13.0372266583
12.4203312248
13.1260835938
13.4397204779
13.4675355591
12.7061560676
19.353057757
15.1257328056
13.8899892494
14.0561506264
14.7002119161
13.0536225215
13.459942881
13.863758456
13.4791372009
13.0281148031
13.5397288129
14.2213920541
12.5280939005
12.6201810762
11.5099155493
12.9262791164
13.0208413638
12.1713447087
12.7654743828
12.8056741431
13.3782097548
13.158644937
12.453636786
12.7159616761
12.4378833435
12.984681733
13.1104452386
13.1737648956
12.832639806
13.4257383682
12.7021943219
18.259953402
13.9300741702
13.6345497742
12.5057324767
13.4578746259
12.0498777814
12.2870640373
13.1573646702
12.1054352224
13.0205845982
12.2099350356
11.743709065
12.0591708701
11.0882444885
10.9444409125
11.65675712
11.7921725381
11.1836653445
11.3525324743
11.3444633912
12.5957226865
10.8991786484
11.7028429583
11.046445407
10.8562115151
11.5755330399
11.6988385506
11.6869763602
11.2421061303
10.9682192486
12.4986053742
18.7943752334
14.2123187743
13.9011480156
14.4370005801
12.4144242145
12.8140629269
13.1947675012
12.8134417273
11.5051569231
12.3063943181
12.7851842754
12.1313842908
11.0812687092
12.9168757237
12.3057746906
12.0148252435
11.9783766977
13.0645574145
11.6272514053
11.6660802551
11.8394775428
11.5606843028
11.6305049676
10.5716311522
11.0842210948
11.3935777824
11.5783326216
11.6821245551
12.3326564915
11.3786031418
11.3125161827
17.1121753491
15.1592434123
14.195886828
12.9723852202
13.1330492944
12.3818180189
12.4197443835
11.5594587252
11.7596152797
12.1569377296
11.4943023771
11.3310697861
11.6871127486
11.422109399
11.5901981629
11.8773004282
11.8937752731
12.0812509395
12.0781975426
12.2072877996
11.6613009088
10.6773857996
11.1691535357
12.018070288
11.742245391
11.876355648
11.2918805145
11.6312448271
11.087192785
10.9541695639
10.9761855658
17.1724501476
13.7131783795
12.1906617619
12.4638278633
12.2113278918
10.9766509868
11.1901706029
10.2973395661
10.5905729551
10.9769067802
11.1866410766
11.0361900143
10.267641779
10.6869460326
10.61397117
10.2144575752
10.8142447229
10.6264869403
11.4693610519
10.9280013293
9.31996341702
10.4248480462
10.5567896552
10.2805401105
9.99969087355
10.5182160325
10.3125458155
9.67978649028
10.5264406633
9.39864275232
10.3459171914
17.1044099033
12.9478911757
12.4080121256
12.0328232348
12.49981362
11.0326682702
12.0804304425
11.8656839952
10.8826686293
11.2859769799
11.3796598539
10.9514910467
10.9758191798
10.8231089283
10.841991134
10.7076703198
9.63509853743
10.4080941789
10.9123134259
11.0131661296
10.1967964377
10.4642529823
10.8526434787
11.9165947475
12.0315500833
10.700010987
10.1533182524
10.7803645469
10.9783628993
11.0847150674
10.6352330279
15.273230616
13.6020837985
12.4184265956
10.758291943
11.356738016
11.7537926305
11.4806535207
11.7580522951
10.8869105931
11.370767409
10.864286162
9.87394298986
10.9469056875
10.2835387476
10.7269361988
11.1476034336
11.1770413909
11.1097508967
10.5284156688
10.1934548933
11.0662025791
10.4788436107
9.31682185642
10.6929833144
9.95417280309
9.68855117075
11.5866276324
10.5855661891
10.4332516044
10.4032548331
10.783460198
15.0302874371
11.6883883402
11.07990909
10.1582453679
10.8053012006
10.3120369352
9.26337775402
9.42111382727
9.96176878363
10.7762203868
10.1902409866
10.2145882081
9.74868093804
9.66169175692
9.46149884257
9.11356960237
9.93042000756
8.67128214613
8.07199665718
10.6285829041
9.78159489296
9.27150000259
8.34219504055
8.74582161382
9.79043700732
10.835389398
9.83781078458
9.01987282932
9.58804790862
9.99185487442
9.21555203199
16.5583469868
11.9785381667
11.6740034837
10.5879667532
11.0485887229
11.6543350033
11.184685139
9.81892872974
10.2426330466
10.4243029766
9.38205917552
10.2895062268
9.8747019656
10.2739058249
9.53669297881
9.09646735061
10.4370466471
10.0617648344
10.256753616
9.03390022181
9.95215427876
9.6562018618
10.0938369632
9.78351141885
8.90426793881
10.4257212151
9.65079956874
9.82410218008
10.3855151851
9.26481494121
9.37618456595
16.7479041666
12.7184803002
11.490754392
10.5528320707
10.6144527141
10.3007104211
11.045242399
9.65513865836
10.2616328616
9.96759628691
9.59211781435
10.3861506954
9.7261098884
9.59968971089
8.9847609289
9.15143104456
10.0140841492
9.38402726687
9.84290171973
9.11914817989
9.9253005404
9.94437544234
9.00952682272
9.40666736476
9.23473954201
9.55186004844
8.8022431042
9.6573067382
9.3745127935
9.69411902502
8.99265842512
14.2564802561
10.6209439356
10.2520974427
10.2482191212
10.1276064031
9.15838627145
8.70912588574
8.75358094834
9.3243757356
8.26808024943
8.38241789304
8.7926338492
8.71287095547
8.24567135237
8.53161316924
8.58233819902
8.92409643158
8.04087254498
9.27518159151
8.60615287255
8.92451649904
8.69265482947
9.67184364051
7.92718080524
8.30455008615
9.09512162395
8.08636248484
9.13270976767
8.9530372303
9.13666467555
8.92800411768
16.3223723955
11.9400770776
11.1616266556
10.3761600181
10.2432011738
9.48186003231
9.58322962932
9.43602706678
9.78277642839
9.49894782156
8.21694103256
9.52669421583
7.92512517795
9.57605069876
8.73015554249
8.83800044283
9.6757852789
9.88820685633
9.26688543148
9.25905504078
8.82992066443
8.51709802449
8.75053029507
9.24842789769
9.39189173654
9.82529750653
8.7846409576
8.80687783845
8.95567628741
8.70028533228
9.62750977464
14.5907264128
12.5397877153
10.6174674109
10.1283487445
9.14002293907
8.87366476096
9.34435963817
8.94110791385
8.67381791212
8.44596626051
9.25517117325
9.17230690643
8.49952328019
9.19926060364
9.45507500321
8.09968818538
8.60513786972
8.8953874968
8.09991213493
8.91969848052
8.79786430672
8.90192650072
9.18080184516
8.81230070442
8.47632125206
9.79808044527
8.06662420183
9.24556832388
9.06293985434
8.27999504842
8.69292487949
13.7517582979
11.9419742748
10.096306622
9.44432476908
8.82073845249
8.93351006508
8.52872665226
8.12579729781
7.86143081449
7.69571772777
7.83736817073
8.39768910222
7.52377504483
8.13434639666
8.03654420003
9.17333957925
7.8553451011
8.3260963764
8.03139453754
7.84930995479
7.89901226852
7.57064535841
7.49515352398
7.93971462362
7.25557702128
8.01134743914
7.95273835212
7.8586966712
7.46540895104
7.8574416507
7.89568838757
14.4591378681
11.19931175
10.1008153427
9.82811992615
8.83925579954
9.3726685103
9.79185886029
8.31887573935
8.45085483044
8.21708545461
8.28071544133
8.97282244824
7.60076104663
9.18985403888
7.8570006704
8.33934071008
8.68295089342
8.65238649584
8.60251102224
8.43503983691
8.34715041425
9.07033590786
8.20008875616
8.36014300026
8.33090004325
8.30109224934
7.93723425083
7.81277674995
8.38644403778
8.39611524343
8.49178923294
13.7717395984
10.4071048517
9.26730288565
9.16987347603
9.09962879401
8.62436519749
8.40177817456
8.59855622984
8.98609610833
9.31459012441
8.56670263782
7.65583385155
9.2955612056
7.79014904611
7.81393580325
8.43468074687
7.53480421007
8.13063691091
8.59389910474
7.7021552138
7.29426091257
7.45310370997
8.53451771848
8.17198132165
7.80231030844
7.86983280256
8.56361408718
8.55708856881
7.96839623805
7.8598421216
7.73800769728
14.0029782373
9.97675632872
9.03818356711
8.23053855263
7.68920438644
8.20102422126
8.33153767698
7.1370940255
7.56878643669
7.70858884975
8.26135955937
7.62087889574
8.60436734743
6.88956132438
6.57503865846
8.27581624035
7.95471583586
7.15564819891
6.533182838
8.50636178255
7.24068512395
7.47645600513
6.89073114097
6.98435684852
8.18283508345
7.74978937954
7.09370566532
6.96287538018
7.35128407646
7.16235278919
7.35827633739
14.9894852117
10.6001431514
8.47420155257
8.07862790674
8.16943852976
8.11566004716
8.69052308053
8.36820930056
8.76124822348
7.89760456048
8.10279629007
8.12482389156
7.89357039146
7.31620191224
8.0672058519
7.89977128431
8.0745789865
7.88875484187
8.46622051299
8.15044880845
9.0830125045
7.69247805048
7.46247882023
8.23247398995
7.77297228202
7.98134912923
7.273155123
7.54891424067
7.20491187181
7.96216803696
6.85834804177
14.0785653219
9.97300787643
8.27313571237
8.23189111054
8.56749570183
8.28826908395
7.70762215182
7.55477957055
8.44798178226
7.55895760003
8.02929002885
7.53992203344
7.2326263953
7.74826705828
7.11794789694
7.97319507226
7.76835009828
8.72296034731
8.44694164861
6.99411340617
7.59436754882
7.37349483091
6.85621755105
7.67238993756
7.28168706223
7.76151074003
7.75097387284
8.044361067
7.14802436344
7.04937704187
7.74631665181
13.9082439654
10.5821757913
7.75230995379
7.94149109349
8.00777777284
7.19541063998
8.1505786255
6.89325528778
7.24674641807
6.84361232258
7.30974199064
6.42350500636
7.44243983924
7.39756988641
7.25375689194
6.83889649156
6.850547974
6.98386471812
6.9909493085
6.56075849198
7.036489591
7.44919134025
6.87846346106
6.90357813984
6.83941338584
6.96070900932
6.79716518056
7.26410116442
6.1648684144
6.42863074318
7.21530081425
15.2054521479
9.5135348253
8.62784369756
8.56683457922
7.55800937861
8.0058411099
7.72065138072
8.67218669876
6.67226731963
6.49155868031
7.80766664259
7.97649401799
7.59603252634
7.23551951908
7.1430707369
6.41956138145
6.74911277462
8.16696559265
6.87370676454
7.79203838576
7.22572286241
6.41218683776
6.73630919866
8.24156736769
7.06729452685
7.56069184467
6.87475867569
7.3724833345
8.02209777851
7.24295040965
7.52930831909
13.0302534997
9.4016462639
7.96384678222
7.99087973684
8.31343353912
8.08370665833
6.8438174976
7.83085406013
7.26727952622
7.33183123078
7.61629820149
7.89098881464
6.57690328266
6.93977797776
7.51012383308
6.80115582235
6.73138996307
7.22762570251
7.92539335787
7.93860923685
7.67369480897
6.76015593763
7.10983386822
6.7305345377
7.12760757282
6.92561529018
6.95486366376
7.06107512861
8.05951478332
7.49337462708
7.30056841485
12.4805275155
8.76537387632
7.58366779331
7.0801307857
7.21524881478
7.8088242216
7.68542928621
7.02431116905
6.90992752369
6.622197018
6.81132159662
6.05967097357
6.20603000186
6.73763586488
6.5501965601
6.57729384396
6.82166494336
6.52166758385
6.47863168549
6.28609093837
6.86756005138
6.93919360358
7.34597368632
6.58322111331
6.67982096225
5.64744595718
6.15891248267
7.28273412213
7.12092333101
6.34392683953
7.20073894691
14.6542606074
9.60194910038
7.97709809523
7.75590791833
7.43934644945
7.21664438676
7.17859398946
7.25768971257
7.5454254467
7.47879149299
7.56589737162
6.78572346922
7.5484584216
6.45625630114
7.01717219409
6.29359847307
7.59435112402
7.31672412157
6.69277254678
6.22213707119
6.95988217276
6.80191278458
6.66429131478
6.95304715354
8.30529490206
6.13931389339
6.28053735569
6.68380788434
6.32125082985
6.98898955155
7.25762668997
12.6082233991
9.72018135991
8.41266622022
7.70388210472
7.55236356519
7.41985942703
7.60904499702
6.805498573
7.58847697452
7.04748110473
7.52784788609
7.18797898013
6.87759188935
6.88284029532
6.45775449648
6.94585193228
6.46007507015
6.12215437926
6.86751071084
6.33709281124
7.48631370347
7.0194480475
6.3446177477
6.08575467765
7.21058310568
7.02278237231
6.99872242007
6.31716033723
6.59751641098
6.81944764685
7.43754546158
14.3364369571
9.31700172648
8.12901369296
7.39827522822
6.66182830092
6.90851481538
6.96466721315
6.91200360842
6.36143322848
6.57566405367
5.92964669969
6.24855076987
5.85653291829
6.19149162248
6.25234880764
5.97220410034
6.49896570202
5.91827338468
6.03032757528
6.0238727862
6.1249289345
6.27452760376
5.73641389608
6.37012428977
5.75089208223
6.87060806341
5.80983863398
7.24821395893
6.83755669929
6.91274954285
5.66874697991
12.8714036141
9.07333744504
8.22994753439
7.44729351159
7.94807357062
6.76344769914
6.99075990543
5.76495508943
6.86580783501
6.72364201769
6.53845470771
6.50503769889
6.4040655857
6.41026293486
6.88331846613
7.10060085729
6.8850205671
6.25758041255
6.75215236656
6.43379303534
6.31202194374
6.95856142417
6.34117126185
6.83349757735
6.42424182873
6.49702371564
7.38316217903
6.81813688111
6.71212576609
7.15207861271
6.77008335851
13.2296905443
8.23055658303
7.15869436972
7.27577816602
7.25798046403
6.97446146887
6.33626949508
7.27864588983
6.60393186007
6.30901572201
7.03866997361
5.95871129632
7.24132486805
6.6462566182
5.77533559315
6.36371403374
6.85155491251
6.69294796884
6.58924979158
6.86401540227
5.95657876786
6.62560078036
6.98170657363
7.61979788449
6.10458423849
6.8004077645
7.33103693835
6.07488314901
6.69419997372
6.3655041419
6.38291357551
12.3058423419
7.7499941485
7.39011865761
6.75823371951
6.6684363354
6.3766431557
6.02307795081
6.66418159008
6.21785418969
5.79343904834
6.20382394735
6.51782180648
6.0987248281
5.56606411003
6.50128827058
5.51058951579
5.73164875433
5.66339503229
5.82306990307
5.41595989
6.21225885395
6.08139184024
5.78115571942
5.96781371254
6.44305991475
5.59269747604
5.35613883287
6.63264268544
5.69937551953
5.61748060677
5.93858945463
11.8012235323
8.29815893061
7.74990892038
7.63501501735
7.36566685792
6.9079482751
7.42427176423
6.20952658914
6.35588989779
6.58643235732
5.88120784797
5.96604361944
6.55605962779
6.99766153842
6.1489844881
6.13167262729
6.15703100711
5.69956680294
6.65353624523
5.64676211402
5.88556250278
6.31870407145
6.8891879376
6.51682290342
6.0921417987
6.21023846883
6.3432640126
6.44635453075
6.43421955872
6.68842557631
6.21729395911
12.5398731865
8.26289659925
8.04442028981
6.93226133846
6.3220082894
6.70829868503
5.94630473759
6.60151174664
6.66231333558
6.19819474034
5.89456553943
6.00299195014
5.54419172462
6.55369316321
6.40125394985
6.27251455653
5.04135433212
6.37606680952
5.97644594405
6.67604764458
6.06325439829
6.48408519477
6.71410948411
6.26321797259
6.49670395441
5.73763797432
7.11726460606
6.30125300772
6.29620958399
6.69623897783
6.38590346184
11.8703079578
8.24143963773
7.17197032925
7.19093434326
6.46513762511
6.50708843581
6.39339055587
6.3099652091
5.90268988442
5.26220359374
5.42543736566
5.94214408472
6.29192514624
6.50041978899
5.72842203174
5.99944957439
5.94263822492
5.4203462135
5.42012044694
5.46746841911
4.7212064676
5.81346540619
6.1137890527
5.38892287202
5.61007804424
5.7274410408
5.64148417395
5.96351585351
5.42104697041
6.48935210891
5.65372307133
12.3660590611
9.56943961419
6.83398575615
6.5216971105
6.87842157669
7.06399675645
6.35487739556
6.38929944858
6.19517669175
6.03631853685
5.84687222354
5.00269949436
5.52859743591
6.49091600254
6.32912859321
5.86470117513
6.31320214737
6.24374976661
5.44134926051
6.29847873468
6.35425140616
5.56377478223
5.56486909371
6.40085653402
6.0378246773
7.02603699453
6.43299875595
6.33834553976
5.9929153882
6.17354764137
6.09651608299
12.4203358442
7.92183964513
7.29246107861
7.1877734419
6.11426614411
6.22962570842
6.3045061389
5.64221691526
5.44998586271
6.4476649249
6.03824247885
6.36432622373
5.96886192076
6.16108336858
6.07732517598
5.47198081855
6.17961962521
5.78630725946
5.67083650548
7.72420182545
5.79965810385
6.25281399209
6.21879516263
5.89280548226
6.09043495078
5.41011747532
5.9051301796
5.77820518706
5.76323456131
6.35043083411
6.5903233923
12.2785686981
7.65089786332
6.7300088359
5.96035278495
6.97422886826
6.49155096896
6.7105585821
6.32416538429
5.39770290349
5.71513712127
5.71663038246
5.47874739859
5.08251290116
5.26326278411
5.83756374102
5.76907548681
5.19632714242
5.93074914347
5.34291795734
5.92087980267
5.39934111014
5.72486615274
5.99461541884
5.2988226302
5.52976058517
5.16873369832
5.33473781217
4.93793209922
5.55356855597
5.29151688144
5.68181748968
14.0519697312
8.55128306709
8.39734113216
6.39041768201
5.70120501518
5.99540458247
6.70733885467
6.0821509771
6.14336515497
6.41944568604
5.69811304379
5.38864669856
5.78705581278
6.2643995164
5.55973735917
5.74363361299
5.85341761913
5.38463199418
5.90454730392
5.95888629556
6.70352306869
5.38913919311
5.41829552501
5.23607154004
5.44136561919
5.67632666603
5.59779012762
6.24565870129
5.29545582831
6.05047488585
6.02806202229
11.2833767198
8.01369253546
7.32960050553
7.0186345214
7.28423861135
6.75086951815
6.58013816457
6.07305514161
5.77636800706
5.27228548285
5.72479465418
6.01341337524
5.88086874038
6.37213298865
5.72671075445
6.10340671707
5.21953173168
5.88680347148
5.93616080936
5.50352408644
5.91735898051
6.59462086763
5.78236627672
5.30880383495
7.09788659774
6.64047597256
6.24193383195
6.00255824067
6.30360346101
5.11586608645
6.19627885614
11.3288761992
7.22492002137
6.48993950989
6.78592556622
5.91187673528
5.4386719102
5.65015501063
6.1604549624
4.89680707734
5.45562393218
4.60904299747
5.5464565875
5.22850191314
5.35796288215
5.31270515546
5.66633021832
5.46674690209
4.56435941625
5.41556919366
5.0095288679
6.78482208215
5.48961376119
5.89370347187
4.91910034977
6.45282777119
5.78531675693
5.07039637957
5.57510948274
5.3648346439
5.2368255863
5.71393199824
13.6151188537
7.53515277617
5.83602198586
7.21838792134
6.31292245444
6.25086461008
6.41108765639
5.78791292757
5.74406432081
5.57917246595
5.16610332206
5.0572373271
6.35175713804
6.74983956572
5.34634253662
5.1026903661
5.62248666957
6.31720852107
5.21093938779
6.53896557447
5.94351266697
5.56742307357
5.19583284762
5.52261524089
6.06766871177
5.58461709041
5.635801828
5.25632388238
5.37967533991
5.92682516295
5.86918542627
11.6919110436
7.46388742048
7.8547048131
6.68157613743
6.0210977383
5.61240788922
6.72776349075
5.94103412703
5.41557285748
5.98469761759
5.5350447977
5.76702223998
5.67515109945
6.12240905687
5.4588908311
6.5026116576
5.7739090072
6.03882014286
5.17358893342
6.7508465806
5.07323309407
5.08411584329
6.09473556932
5.96333376598
6.18355019577
5.89839975629
6.28772248048
5.41487466544
5.85670016706
5.15813695174
4.77234482486
12.137103606
8.07029763889
6.57843804732
5.804259873
5.77028248738
5.95818626881
5.96698492207
4.94430290069
4.88357340638
5.54638422839
5.10212722048
5.63004369754
5.68916233722
5.11524131708
5.33284194674
5.25637360197
5.35506034363
4.85470283963
5.52266082261
5.0175211411
5.61266198568
5.6929147495
4.96902992669
4.88017424103
5.20481616212
5.63089687005
5.09942950122
5.30837875605
5.35874071345
4.60452993866
5.97062429227
12.1871801931
8.19656458218
6.34150677919
5.96799904667
6.00424388982
5.9908798961
7.11701649427
5.17585067358
5.96500243526
5.75852391403
6.22257854417
5.99053465016
5.23652517982
6.74979336001
5.63135172427
5.68775916845
6.05344255269
5.58582329378
5.58392412309
4.92226128001
5.36657714378
5.14029303938
5.79210299812
6.47722207848
5.03711367678
5.87857758254
5.93548245635
5.22824274469
5.34177255165
5.9015694866
5.7383783618
10.6561560538
7.08180222567
7.76991974004
6.09194653761
5.55728223454
5.46952391788
5.36532096844
6.79439122323
5.37809000071
5.16737884656
5.53217404708
5.51975223888
4.36501371022
5.16149108019
6.14099071734
5.65557273291
5.65768543631
5.05362270214
5.83084071428
4.70896420255
5.7157075936
5.927778068
5.7698348416
6.3903439166
4.62386949174
6.35542766005
6.50984711573
5.58430493344
5.31622588914
5.89053598605
5.68206996191
11.2562513426
7.05071834847
6.75954488665
6.40010324121
6.53795713838
5.32386342157
5.18034989713
5.02367363498
5.0829754835
4.81556191202
5.2384472033
5.18595825229
5.35691024642
5.34222599678
4.70902868267
5.06918586884
5.98537221644
4.9735426167
4.95036243461
5.1497794725
5.32891499437
5.74065343756
5.00447870605
5.07649021223
5.76079236157
5.27967621107
5.79126902577
5.09196065273
4.8329540221
5.07005892787
5.05869934708
