-3.227332979440689087e-02
-1.141069680452346802e-01
6.206675246357917786e-02
6.702487822622060776e-03
-9.105627983808517456e-02
7.453890144824981689e-02
-4.135697614401578903e-03
-7.457110285758972168e-02
-3.639703989028930664e-02
-7.918351888656616211e-02
8.315297774970531464e-03
-1.230554729700088501e-01
-4.502342268824577332e-02
6.020644679665565491e-02
-3.120242804288864136e-02
2.710794471204280853e-02
4.563989862799644470e-02
3.533953800797462463e-03
4.106716066598892212e-02
-1.607443206012248993e-02
